0 : 0 2 0
1 : 83 24 0
2 : 73 46 0
3 : 40 31 0
4 : 74 28 0
5 : 0 28 0
6 : 4 29 1
7 : 68 46 1
8 : 64 24 0
9 : 43 4 0
10 : 0 24 0
11 : 40 45 1
12 : 56 4 0
13 : 56 17 0
14 : 14 18 1
15 : 4 2 1
16 : 96 6 1
17 : 31 18 1
18 : 71 46 0
19 : 27 0 0
20 : 40 53 1
21 : 44 53 1
22 : 56 0 1
23 : 0 31 1
24 : 94 24 1
25 : 43 27 0
26 : 57 28 1
27 : 92 24 0
28 : 40 46 1
29 : 65 46 1
30 : 4 13 1
31 : 4 17 1
32 : 11 2 0
33 : 79 28 0
34 : 40 42 0
35 : 0 0 1
36 : 90 0 0
37 : 57 27 0
38 : 79 31 1
39 : 59 31 0
40 : 64 0 0
41 : 14 17 1
42 : 68 42 0
43 : 64 4 1
44 : 14 0 0
45 : 79 24 1
46 : 65 54 1
47 : 4 33 1
48 : 65 42 1
49 : 43 2 0
