0 : 5 119 0
1 : 186 66 1
2 : 248 312 1
3 : 42 160 0
4 : 5 73 0
5 : 44 242 0
6 : 228 225 0
7 : 264 273 1
8 : 62 213 0
9 : 215 66 0
10 : 248 247 0
11 : 173 137 1
12 : 0 324 0
13 : 114 177 0
14 : 15 19 0
15 : 161 339 0
16 : 209 273 1
17 : 1 19 0
18 : 178 317 1
19 : 0 169 1
20 : 101 110 0
21 : 126 208 1
22 : 5 89 1
23 : 86 321 1
24 : 44 176 1
25 : 204 138 0
26 : 26 31 0
27 : 76 242 1
28 : 134 100 1
29 : 173 180 1
30 : 117 305 1
31 : 58 140 0
32 : 0 19 1
33 : 248 273 0
34 : 186 138 1
35 : 129 198 0
36 : 129 191 1
37 : 118 12 0
38 : 41 19 0
39 : 44 192 0
40 : 41 0 0
41 : 22 126 0
42 : 0 136 1
43 : 17 47 0
44 : 1 73 1
45 : 129 201 1
46 : 53 43 1
47 : 19 324 0
48 : 248 134 1
49 : 94 339 0
50 : 290 149 0
51 : 196 196 0
52 : 161 337 0
53 : 155 0 0
54 : 186 84 1
55 : 248 156 1
56 : 255 0 1
57 : 178 308 0
58 : 130 75 0
59 : 126 136 1
60 : 22 101 1
61 : 22 65 0
62 : 186 109 0
63 : 126 137 1
64 : 287 164 1
65 : 237 312 0
66 : 42 132 0
67 : 60 14 0
68 : 58 101 1
69 : 253 312 1
70 : 137 75 0
71 : 30 215 0
72 : 173 188 0
73 : 62 224 1
74 : 53 75 1
75 : 244 38 0
76 : 197 317 1
77 : 116 201 1
78 : 155 5 0
79 : 118 1 1
80 : 192 180 1
81 : 196 170 0
82 : 174 17 1
83 : 213 206 1
84 : 117 315 1
85 : 114 189 0
86 : 126 148 1
87 : 119 123 0
88 : 164 105 1
89 : 147 38 0
90 : 55 176 1
91 : 217 259 1
92 : 213 260 1
93 : 119 100 1
94 : 178 64 0
95 : 234 127 1
96 : 91 136 1
97 : 149 249 0
98 : 87 100 0
99 : 87 97 0
100 : 147 75 1
101 : 80 103 0
102 : 248 326 0
103 : 6 134 1
104 : 108 304 1
105 : 48 1 1
106 : 76 238 1
107 : 35 43 1
108 : 196 261 1
109 : 94 337 0
110 : 209 312 1
111 : 35 65 0
112 : 34 140 1
113 : 44 286 0
114 : 91 149 0
115 : 55 189 1
116 : 200 64 0
117 : 104 21 0
118 : 212 164 1
119 : 176 38 1
120 : 114 191 0
121 : 227 127 1
122 : 6 169 1
123 : 213 259 0
124 : 44 170 0
125 : 60 1 0
126 : 86 337 1
127 : 178 261 0
128 : 7 119 1
129 : 186 164 1
130 : 174 0 0
131 : 183 337 0
132 : 178 66 1
133 : 178 249 1
134 : 130 35 0
135 : 101 75 0
136 : 26 19 1
137 : 35 101 1
138 : 44 178 0
139 : 58 176 0
140 : 257 312 1
141 : 49 132 1
142 : 114 160 1
143 : 213 152 0
144 : 117 304 0
145 : 200 308 1
146 : 278 0 0
147 : 48 0 0
148 : 217 152 0
149 : 231 148 1
150 : 178 75 1
151 : 62 307 1
152 : 217 265 0
153 : 0 315 1
154 : 264 275 0
155 : 101 43 1
156 : 290 178 1
157 : 196 259 1
158 : 0 75 1
159 : 58 121 1
160 : 58 125 0
161 : 0 0 1
162 : 130 14 0
163 : 228 206 0
164 : 6 249 1
165 : 231 134 1
166 : 101 103 1
167 : 4 286 1
168 : 159 5 0
169 : 199 337 0
170 : 209 109 1
171 : 6 166 0
172 : 80 101 1
173 : 54 112 1
174 : 42 21 1
175 : 130 39 0
176 : 158 105 1
177 : 22 140 1
178 : 64 140 0
179 : 248 197 0
180 : 280 127 0
181 : 196 241 0
182 : 253 47 0
183 : 101 124 0
184 : 233 206 0
185 : 271 134 1
186 : 1 43 1
187 : 81 219 1
188 : 17 19 0
189 : 80 307 1
190 : 62 242 1
191 : 6 215 1
192 : 53 213 0
193 : 183 0 1
194 : 253 46 0
195 : 173 204 1
196 : 173 170 1
197 : 42 112 1
198 : 48 12 1
199 : 227 66 0
