0 : 291 87 0
1 : 979 913 1
2 : 385 908 1
3 : 556 13 1
4 : 540 610 1
5 : 958 628 0
6 : 271 510 0
7 : 26 40 0
8 : 727 487 1
9 : 660 1176 0
10 : 453 1280 1
11 : 313 623 0
12 : 291 93 1
13 : 691 76 0
14 : 346 812 0
15 : 883 830 0
16 : 612 261 0
17 : 280 1423 1
18 : 938 1081 0
19 : 472 676 0
20 : 586 625 1
21 : 184 918 1
22 : 500 1307 0
23 : 776 1017 1
24 : 903 913 1
25 : 215 968 1
26 : 228 1174 0
27 : 828 147 1
28 : 962 205 1
29 : 620 744 1
30 : 517 495 0
31 : 179 1189 0
32 : 665 411 0
33 : 885 990 0
34 : 828 352 1
35 : 166 688 1
36 : 360 1048 1
37 : 729 264 0
38 : 699 1113 1
39 : 664 1209 0
40 : 668 411 0
41 : 39 1214 1
42 : 480 433 0
43 : 872 1171 0
44 : 481 1231 0
45 : 941 830 0
46 : 68 41 1
47 : 898 1127 0
48 : 158 159 0
49 : 904 1239 0
50 : 305 1048 1
51 : 109 134 0
52 : 34 332 0
53 : 569 1308 1
54 : 99 62 1
55 : 582 732 0
56 : 284 1425 0
57 : 143 1093 1
58 : 442 171 0
59 : 660 1133 0
60 : 103 391 1
61 : 942 177 0
62 : 898 1147 1
63 : 192 419 1
64 : 292 1250 0
65 : 597 4 0
66 : 582 726 0
67 : 39 1129 1
68 : 729 288 1
69 : 346 853 1
70 : 374 1280 1
71 : 311 647 1
72 : 282 1334 1
73 : 744 156 1
74 : 784 352 0
75 : 240 1358 0
76 : 179 1093 0
77 : 650 1330 1
78 : 553 482 1
79 : 790 1201 0
80 : 798 861 0
81 : 128 85 1
82 : 50 131 1
83 : 597 181 1
84 : 942 127 0
85 : 727 464 1
86 : 134 653 0
87 : 277 557 0
88 : 164 748 0
89 : 919 260 0
90 : 853 917 0
91 : 585 700 0
92 : 0 332 0
93 : 243 673 1
94 : 453 945 1
95 : 134 419 1
96 : 12 0 0
97 : 431 427 1
98 : 868 1149 1
99 : 791 127 1
100 : 77 703 0
101 : 147 218 0
102 : 359 860 0
103 : 901 1081 0
104 : 229 1174 0
105 : 853 1001 0
106 : 243 691 1
107 : 650 1308 1
108 : 574 1042 1
109 : 987 1081 0
110 : 784 127 1
111 : 77 559 0
112 : 63 986 1
113 : 215 1012 0
114 : 885 864 1
115 : 526 478 0
116 : 134 336 0
117 : 476 1192 1
118 : 766 1395 0
119 : 322 205 1
120 : 408 87 1
121 : 974 614 0
122 : 553 490 1
123 : 0 0 1
124 : 133 688 1
125 : 868 1133 0
126 : 776 1133 1
127 : 850 352 0
128 : 560 829 0
129 : 616 1028 1
130 : 905 864 1
131 : 514 1117 0
132 : 776 923 1
133 : 836 1395 0
134 : 8 445 1
135 : 580 1028 0
136 : 164 976 1
137 : 412 690 1
138 : 91 211 0
139 : 42 976 0
140 : 408 13 1
141 : 417 1244 1
142 : 734 555 0
143 : 346 78 0
144 : 625 1303 1
145 : 558 364 0
146 : 91 131 0
147 : 625 1242 1
148 : 836 1379 0
149 : 757 738 0
150 : 214 273 0
151 : 947 127 1
152 : 570 1011 0
153 : 531 209 1
154 : 927 830 1
155 : 408 41 1
156 : 208 1214 1
157 : 502 1271 0
158 : 574 1028 0
159 : 271 340 0
160 : 770 738 0
161 : 644 977 1
162 : 653 411 0
163 : 779 1239 0
164 : 887 580 0
165 : 839 1095 0
166 : 757 753 1
167 : 363 652 1
168 : 134 670 1
169 : 1 1063 1
170 : 179 1100 0
171 : 951 1081 1
172 : 187 60 0
173 : 586 649 1
174 : 367 933 0
175 : 450 690 0
176 : 729 260 1
177 : 276 178 1
178 : 919 176 1
179 : 401 652 0
180 : 927 628 0
181 : 425 1402 1
182 : 862 738 1
183 : 390 690 1
184 : 706 842 1
185 : 582 1043 0
186 : 795 127 0
187 : 484 839 0
188 : 348 853 0
189 : 273 273 1
190 : 883 614 0
191 : 370 511 1
192 : 347 463 1
193 : 307 205 0
194 : 0 1031 0
195 : 357 756 0
196 : 453 1114 0
197 : 347 183 1
198 : 28 445 0
199 : 653 364 0
200 : 640 538 0
201 : 158 150 1
202 : 580 87 1
203 : 53 1230 1
204 : 237 569 0
205 : 693 115 0
206 : 224 340 0
207 : 117 1141 0
208 : 885 1000 1
209 : 472 524 1
210 : 626 570 1
211 : 34 163 0
212 : 750 115 1
213 : 728 753 0
214 : 30 828 1
215 : 1 1339 0
216 : 734 616 1
217 : 53 1329 1
218 : 745 1201 1
219 : 675 364 0
220 : 836 1435 1
221 : 294 709 0
222 : 807 464 0
223 : 305 922 0
224 : 349 358 1
225 : 305 1062 1
226 : 590 732 1
227 : 103 445 1
228 : 87 1339 1
229 : 103 552 1
230 : 481 209 0
231 : 74 1189 1
232 : 16 565 1
233 : 360 976 0
234 : 397 1334 1
235 : 453 1192 1
236 : 0 348 0
237 : 26 260 1
238 : 484 829 1
239 : 47 1156 0
240 : 653 378 1
241 : 675 302 1
242 : 43 1189 1
243 : 63 1129 0
244 : 225 531 1
245 : 39 1210 0
246 : 624 973 1
247 : 836 1239 0
248 : 307 275 1
249 : 624 881 0
250 : 387 1000 0
251 : 74 218 1
252 : 294 749 1
253 : 82 1129 1
254 : 114 85 1
255 : 346 13 0
256 : 134 552 1
257 : 932 205 0
258 : 914 176 1
259 : 65 828 0
260 : 360 1000 1
261 : 594 700 1
262 : 187 41 1
263 : 984 236 0
264 : 476 1203 0
265 : 374 1307 0
266 : 883 659 0
267 : 740 1173 0
268 : 461 690 0
269 : 699 1181 1
270 : 640 555 1
271 : 540 525 0
272 : 706 753 0
273 : 290 1423 0
274 : 526 327 1
275 : 347 401 1
276 : 315 360 0
277 : 25 565 1
278 : 1 1214 0
279 : 267 918 0
280 : 617 1043 1
281 : 509 1242 0
282 : 582 1133 0
283 : 134 310 1
284 : 0 965 0
285 : 654 286 0
286 : 544 1088 0
287 : 477 65 0
288 : 577 480 1
289 : 569 1402 0
290 : 26 449 1
291 : 0 1429 0
292 : 202 1186 0
293 : 34 131 1
294 : 243 748 0
295 : 0 40 0
296 : 613 261 1
297 : 798 766 0
298 : 244 85 1
299 : 68 50 1
300 : 103 476 0
301 : 28 332 1
302 : 244 167 1
303 : 898 1095 0
304 : 626 700 0
305 : 134 661 0
306 : 895 864 0
307 : 293 93 0
308 : 528 862 1
309 : 308 510 0
310 : 241 41 1
311 : 484 852 0
312 : 147 552 0
313 : 823 578 0
314 : 597 81 0
315 : 693 4 0
316 : 253 748 1
317 : 133 391 1
318 : 938 1143 0
319 : 311 557 0
320 : 26 160 0
321 : 533 1117 1
322 : 431 433 0
323 : 431 463 1
324 : 214 178 1
325 : 472 652 0
326 : 196 661 0
327 : 280 1402 0
328 : 8 449 0
329 : 442 87 0
330 : 699 1001 0
331 : 927 614 1
332 : 143 1129 1
333 : 367 871 0
334 : 919 127 0
335 : 471 821 1
336 : 26 131 1
337 : 68 36 0
338 : 509 1256 1
339 : 552 1242 1
340 : 440 358 1
341 : 580 4 1
342 : 238 531 0
343 : 442 172 0
344 : 484 762 1
345 : 620 762 1
346 : 708 384 1
347 : 920 862 1
348 : 343 798 1
349 : 880 578 0
350 : 294 676 1
351 : 134 391 1
352 : 959 0 0
353 : 517 209 1
354 : 522 496 0
355 : 980 417 0
356 : 34 200 1
357 : 565 524 1
358 : 553 478 1
359 : 412 712 0
360 : 808 923 1
361 : 699 1014 1
362 : 164 918 0
363 : 459 1114 1
364 : 565 496 0
365 : 699 1173 0
366 : 757 785 1
367 : 904 1322 1
368 : 170 918 0
369 : 527 1187 1
370 : 240 1412 1
371 : 570 881 1
372 : 453 1088 0
373 : 476 1088 0
374 : 980 862 0
375 : 357 676 0
376 : 632 496 0
377 : 526 250 1
378 : 776 1175 1
379 : 103 748 1
380 : 597 95 1
381 : 291 125 1
382 : 757 578 0
383 : 678 1411 1
384 : 154 220 1
385 : 346 790 0
386 : 624 1028 1
387 : 660 555 0
388 : 934 326 0
389 : 667 480 0
390 : 704 115 0
391 : 812 1379 0
392 : 347 511 1
393 : 270 1279 1
394 : 905 862 1
395 : 464 1114 0
396 : 312 510 1
397 : 305 360 0
398 : 779 1379 1
399 : 754 0 0
400 : 586 610 0
401 : 443 109 1
402 : 569 0 1
403 : 828 260 0
404 : 273 320 0
405 : 428 908 0
406 : 431 518 1
407 : 480 482 1
408 : 359 853 0
409 : 558 261 1
410 : 16 670 0
411 : 301 918 0
412 : 240 1376 1
413 : 756 104 0
414 : 273 297 0
415 : 28 329 1
416 : 313 639 0
417 : 334 512 1
418 : 228 1261 1
419 : 464 1134 1
420 : 99 60 0
421 : 453 922 1
422 : 719 555 1
423 : 979 255 1
424 : 347 417 0
425 : 488 719 1
426 : 431 401 1
427 : 39 1189 1
428 : 481 1203 1
429 : 408 908 1
430 : 464 1260 1
431 : 28 229 0
432 : 367 853 1
433 : 185 748 0
434 : 184 968 1
435 : 12 1439 1
436 : 528 918 0
437 : 914 260 0
438 : 914 0 1
439 : 626 538 0
440 : 674 917 0
441 : 347 93 1
442 : 282 1375 1
443 : 956 104 0
444 : 745 1395 0
445 : 290 1402 0
446 : 862 743 1
447 : 305 1174 0
448 : 106 1339 0
449 : 533 1156 0
450 : 744 288 0
451 : 850 293 1
452 : 745 1242 0
453 : 615 181 0
454 : 347 171 0
455 : 836 1322 1
456 : 292 1308 1
457 : 185 670 1
458 : 784 377 0
459 : 431 511 1
460 : 43 229 0
461 : 674 941 0
462 : 334 511 0
463 : 776 903 0
464 : 240 1336 0
465 : 540 652 1
466 : 745 1379 1
467 : 377 790 0
468 : 776 917 0
469 : 16 521 1
470 : 585 617 0
471 : 68 310 0
472 : 699 1190 1
473 : 570 890 0
474 : 941 1171 0
475 : 527 1156 0
476 : 744 115 0
477 : 367 875 1
478 : 225 446 0
479 : 294 721 0
480 : 385 821 0
481 : 663 1133 0
482 : 784 288 1
483 : 560 700 1
484 : 916 580 1
485 : 402 1308 1
486 : 198 0 0
487 : 476 1117 0
488 : 883 580 1
489 : 269 340 1
490 : 228 1250 1
491 : 270 1301 1
492 : 776 766 0
493 : 173 790 0
494 : 820 1239 0
495 : 725 286 0
496 : 0 36 0
497 : 408 65 0
498 : 170 1044 0
499 : 960 205 0
